9.478834423279251e-14 2.181629673826966e-06 1.8496802970872196e-12 2.7383543971404965e-13 2.2316799879506873e-11 4.395394015484149e-09 0.9999978034089878 1.0482408898779484e-08 5.883418294409333e-11 1.660687623242596e-13 
0.9999999585709115 3.476844347216901e-08 4.185335417571761e-09 6.725777730625166e-10 8.40102852641462e-13 2.9065502152107853e-13 9.973597658368474e-13 3.341997808348498e-12 2.855253268081878e-12 1.7944061125737924e-09 
3.502421508835113e-11 6.193819872775449e-07 5.470449991858464e-13 4.979024905082311e-13 1.827398160481223e-10 0.9999791597299391 1.582827093505847e-05 9.537134458246323e-09 4.382858586924598e-06 2.608380984210305e-12 
8.876221404674923e-05 2.9900938647748175e-08 0.00012386925168218876 0.89476056525402 0.10501698904787937 7.793839282726885e-06 5.1283018962126e-07 2.0686877997093326e-08 1.3900185931298796e-09 1.4555850640606943e-06 
0.999999246857437 7.499861310457187e-07 5.4956179487752116e-11 1.4969453463662574e-17 3.738724331532266e-10 4.70573344783772e-14 1.2940326001141337e-12 2.022809986361122e-09 7.013131955590173e-10 2.1391322776128298e-12 
0.9999915025381418 9.47406259846739e-08 8.786795826607005e-10 9.693741640352255e-10 1.9618958916532884e-07 1.4027389874818995e-06 1.7345801773150007e-09 5.576238555026193e-09 6.781955049247625e-06 1.26787333581203e-08 
2.9642627378324543e-07 1.3682786568307946e-09 5.568375092303829e-12 0.9999991121140873 1.8632130106488707e-08 2.7960885335079074e-09 2.407882889930555e-10 9.08413059334676e-16 8.387958923374438e-10 5.675779877896638e-07 
2.5605773811775947e-08 3.6016009841218123e-09 1.9410477647814694e-06 1.9131543301460027e-12 0.7251747355767123 0.0010539309494563634 4.2775127683947317e-10 0.2737662652495969 6.739407834162718e-13 3.0975387565536063e-06 
4.738223795459584e-264 7.440957592903336e-30 6.333627817731334e-240 3.9835261647826117e-125 1.8305893451694263e-09 1.914458106654712e-15 6.183426015352055e-83 0.9999999981694087 5.983133943264465e-27 6.622748417917556e-240 
1.3476717694305078e-12 0.0005249362514914498 2.5569918084185182e-09 1.7978152248049234e-08 3.525062949289124e-07 1.3369184546338647e-05 3.149340433959587e-06 0.003669994079275348 0.9673948447480086 0.028393333353457673 
1.0218982707120788e-11 0.14204328779375433 9.402571146488203e-14 6.220789929566662e-06 4.6985651579785436e-08 0.8579170815532325 1.0046070051184202e-10 3.3181289226815234e-05 9.204514927170206e-08 8.943228200989408e-08 
8.383572747304134e-07 1.3033493176581675e-12 3.0560624568581816e-13 5.1453214354437634e-09 1.8627000383413575e-12 0.9999760324708274 2.3084162351305757e-05 9.044562299291137e-10 3.888276199534613e-08 7.353529284696014e-11 
1.0349280488345584e-07 8.796534535066827e-08 6.0842165532064e-06 7.2606511455506535e-09 1.137518340781444e-10 1.6974273216560282e-15 1.2228930294547808e-07 0.9999878220974124 3.2213868612523e-10 5.7722420379999e-06 
0.0008412882653924171 2.75380614266355e-09 0.10207107976525931 9.49149400749901e-08 0.0010041952415745243 0.7825273712493457 0.11355594530699817 1.6632148368954837e-08 2.946685551003574e-11 5.841068491340026e-09 
1.1347091826274945e-14 1.1469697932798407e-14 8.898323606236993e-12 0.0032953945457587165 9.260642561985002e-05 5.137246690478509e-12 8.339454098778943e-08 0.028008449243368302 3.6463233762253274e-17 0.9686034663766537 
2.3845740620354514e-12 1.758988145794918e-09 0.00016854036463852964 3.6590671981202873e-09 2.1320272105824216e-10 0.9998057576030347 1.970424702676196e-05 9.710059166561255e-11 1.0008248828184918e-08 5.982046308001402e-06 
1.5282910673606614e-05 3.9926525377949135e-10 2.4712868711964644e-13 0.9999840475098797 2.5687303595810854e-08 7.085978721018288e-09 3.1332112227540074e-07 3.826910927855908e-09 7.870936510996465e-11 3.1917990979351144e-07 
6.462687611542159e-05 5.158840296543091e-10 7.630049558489888e-12 3.0125002741979867e-12 0.00014330713448397643 5.677114645930462e-08 1.6547766788142052e-09 3.040830398282887e-09 5.007756960094854e-11 0.999792003946043 
1.9987866901758063e-09 3.504696708547076e-14 1.305767929139426e-08 1.0716055428114752e-06 6.443534515045099e-08 1.544029838254821e-07 6.430779875008297e-12 4.05211709853101e-08 5.926027069683669e-14 0.9999986539719664 
6.110661128528352e-10 3.2775208647522034e-13 4.6116676506217313e-07 4.532073252250408e-09 9.185631728285316e-14 8.834854159697286e-11 3.4562581401938353e-10 1.5190271947641555e-11 0.9999995332404773 3.3914626616423937e-14 
2.9035860390728347e-15 0.0002898144168921707 1.90236133419793e-11 0.9896797003780244 8.465589050556417e-07 3.420402375110299e-05 1.7980548792429506e-07 0.009995254665389053 1.2928772055386983e-10 3.2361560034152817e-12 
9.44002685411594e-18 7.216716603831334e-24 1.362799678286855e-14 0.9999769332711914 6.19561602967601e-16 5.05026941488688e-108 6.4754176862247046e-12 2.30667212937919e-05 2.5535303811084985e-22 1.0250976003231338e-12 
4.598030425529464e-20 4.573943031729729e-19 4.944604966524749e-16 7.863152370521604e-12 3.007328363579242e-38 2.01297610764946e-17 3.72936447256506e-17 0.9999999172234009 8.276868389665623e-08 5.15731915369806e-14 
2.2048527643201168e-13 1.4831539275218916e-10 1.9255982167967267e-14 2.1154086440242813e-16 5.494381211893715e-09 1.4245784589358753e-12 1.6439057684408697e-08 1.1182975618508049e-09 0.999999976753643 4.464062799283914e-11 
1.5546374895135127e-06 7.094948894318683e-10 7.111110020556403e-08 0.9999982817629781 3.730794058891029e-10 8.711023642721825e-08 2.8346873146204713e-09 1.3005504322603979e-09 9.082580752682898e-11 6.955846828170261e-11 
1.7889319276612226e-05 1.5207930485187557e-09 0.9986189962767427 0.0013616336930720434 7.609519035133866e-10 4.3077981054651175e-09 1.2952087923325826e-09 1.530646980236274e-07 1.5932181378777156e-10 1.3196021367410022e-06 
0.00019830381427300491 6.169013622691597e-07 6.17168823437669e-08 3.9075554450775046e-14 8.064716234618036e-10 4.635320311184771e-09 1.5299335596545486e-11 2.0851326465272372e-12 0.9996311272176429 0.00016988489062361755 
5.2361511736704644e-06 7.82867710261569e-08 0.9999489401317453 9.2438053312742e-06 3.6425185934613034e-05 2.878857106375056e-09 7.106433436431048e-11 5.074678558833349e-08 3.5021566192305917e-10 2.239212153498097e-08 
7.131229404581009e-07 0.02718325366409636 2.659096722114109e-09 3.491967751899927e-13 0.972815538488556 5.914964374230525e-10 3.3135482461286745e-08 4.5807859189203454e-07 2.5105318043100808e-11 2.342853168730993e-10 
5.365606525314581e-12 0.9999996783461356 1.8791218001269755e-08 2.8081407298804675e-08 4.628017622118411e-08 3.712728354401545e-10 1.0341592727939205e-08 3.030763790150876e-11 2.0376695830737368e-07 1.398556590271615e-08 
4.911986068085092e-11 4.999088643409841e-10 6.350386871194301e-10 0.9999198925034285 2.6618590385085883e-07 9.302261639828663e-08 5.811744876865089e-11 4.958149374619476e-11 8.471267992276498e-13 7.974699543761528e-05 
1.3326378264389808e-05 9.641727047786316e-11 3.162558820721932e-12 3.314697793682018e-11 8.698407649038237e-07 6.738757157860247e-11 3.2714140482032736e-09 0.9999413581677469 4.735821715344182e-12 4.4442136960165796e-05 
5.002311140552383e-07 3.693481009888672e-08 0.9999983317327246 1.6213721809103192e-11 3.2291811613723727e-12 2.989917295661421e-10 7.721009712443645e-08 1.2350319430609517e-10 2.1757569443913707e-09 1.0512735593186196e-06 
2.9446074738895816e-14 1.6940438124778763e-09 1.4097484552134527e-16 0.9999963772251029 3.6210679817144403e-06 5.005180711714336e-17 5.14869502882185e-18 1.113934649039067e-15 1.284070513114801e-11 1.2071322567105925e-17 
2.298533527978916e-13 7.998042197399488e-09 1.0929222944667803e-11 2.7402453448111117e-12 4.161132706573764e-15 1.238945473013541e-08 2.8871716184769414e-07 0.9999996908513676 2.962974517876597e-15 3.006725379959112e-11 
1.0471018035557916e-05 0.9999888103123936 1.7480954150648091e-09 3.6992469912878963e-13 1.6857195464468173e-11 6.815790795312485e-07 5.189010606488528e-10 9.10423095252841e-12 2.0510594080025943e-08 1.4286569280264845e-08 
7.670787964532034e-09 0.9999999877988189 5.081091749741833e-12 1.8872167443267702e-14 6.149664850367606e-13 1.3858533316349217e-10 3.139604243827264e-09 1.2440094426278384e-09 2.9974731932493024e-14 2.4490120603312018e-12 
0.998744207822329 1.9662010463119404e-09 1.2758508470480454e-10 1.7143222817965628e-09 0.0012557839595951459 6.759263637371221e-14 9.606176755118051e-14 1.0966847870367675e-14 4.406488134217604e-09 3.305048887902045e-12 
0.00015596047786296043 1.061996377413616e-09 0.9998438988433904 1.1116213805558454e-09 8.961476812062373e-08 1.8159176315815126e-11 2.15889553186419e-08 7.751269572828277e-12 5.711982270687744e-10 2.6704296482487537e-08 
1.4327383499329917e-05 3.222065232786796e-14 1.1894776817478386e-11 6.602952405285036e-05 2.1442775324832417e-12 3.681850436829824e-15 9.203333190029266e-12 0.9999196429943171 1.4133252350924686e-15 7.485116026286336e-11 
0.01111642581523826 1.1327167711836182e-08 0.045008278149462594 4.2115740087951257e-07 0.07068041182338422 9.451543340195397e-09 0.8731772494633802 1.6018274066116358e-12 4.758428375338201e-08 1.71452265376804e-05 
7.90863361125587e-14 1.1815973678026204e-13 6.413277569384646e-14 4.8892166844571925e-08 0.9999999233149074 1.0040148316521274e-13 4.170824251180354e-12 2.4668438396359962e-08 3.622434086997786e-13 3.1195924585404135e-09 
6.775575474944396e-08 3.1932202154317667e-10 1.3285450603171988e-13 1.844646166350328e-11 3.5267654646871185e-08 4.326984949881973e-05 3.964415452253454e-09 0.9999565998560466 8.833946883185202e-12 2.2959894487693802e-08 
0.00014089202637349493 1.750690214232386e-08 0.04078504412153678 5.524105715806984e-08 1.631817407915471e-09 6.607548040908522e-08 1.3603295451676498e-08 8.139493599313604e-08 9.877830161920311e-10 0.9590738274108183 
2.3212514457428415e-08 1.8287716861672564e-10 7.089781855943566e-07 2.6672552118784194e-15 0.999999016755523 3.201156651405393e-10 2.4944854069632434e-07 5.2987188172818414e-11 1.0413496578729016e-09 7.904001162997508e-12 
2.08768362556991e-06 1.6090224386218615e-09 1.434455348316629e-11 4.129589085702111e-09 6.7453366404509525e-09 1.9352879573828016e-11 8.048604533993112e-10 5.648473097757836e-07 0.9999973326973052 1.4492532397910458e-09 
4.8233677164609187e-08 3.547797727660008e-14 1.8616853770871768e-09 3.2251465574063804e-10 2.784142833151204e-12 1.8872172050392327e-14 2.491916126327242e-13 0.9999101633926206 8.97856688081569e-05 5.176064551561704e-10 
7.285304301010212e-10 7.650724274341299e-10 6.003653983593817e-10 2.7984778621057086e-09 1.7027326148949746e-11 3.515593301604212e-09 0.011179869599518411 7.795787882306069e-12 0.9888191943862374 9.275813819362933e-07 
4.0783410878326665e-06 0.00011444799750345025 4.306601493301003e-10 1.7556646194860158e-09 3.908318536970161e-09 0.003655211562256373 0.99622615297733 9.22552123472163e-08 4.041034192635444e-10 1.0367863543449212e-08 
0.9999999402042201 4.170961937784795e-09 4.338033836402866e-10 4.86274666822153e-12 1.866113014060227e-09 3.3159016871801405e-10 1.0986818656340312e-12 3.6594776498532983e-10 5.159982158547423e-08 1.0215810813764382e-09 
1.3675574937910676e-08 2.3305430906994006e-13 3.502244498592449e-08 0.9999999380434363 1.9739025939479723e-10 5.770239055187525e-11 6.447194539195775e-09 6.554035350410412e-09 8.387984776138985e-13 1.1493481272456795e-12 
2.314822453514814e-05 2.1315645532797828e-11 2.7915692223082302e-06 0.007681052536103551 3.5804916105613653e-06 1.1217098091737216e-05 2.8111569766975994e-07 0.9922774234735121 4.948839950674652e-07 1.058591637907396e-08 
2.6408119611178862e-08 3.967289233542487e-12 0.9992695669522375 6.119236848599804e-10 4.115141248493031e-11 6.963062170842282e-12 1.6118592578045623e-12 0.0007303635065930624 6.870342795216759e-11 4.239872937184276e-08 
9.647262497385482e-07 1.5154857196910566e-08 1.0024304724184187e-09 8.689534656549424e-11 2.7931953812178803e-09 1.0946636158678636e-12 1.014692377935089e-09 1.223500677646821e-10 8.559972833152508e-12 0.9999990150896748 
4.9265148922991504e-17 3.107981006550546e-11 3.992897606719493e-17 5.430084221532884e-18 1.979858630673091e-13 3.253271698488088e-10 7.226406366363049e-10 2.1124271223982312e-14 0.9999999989191944 1.5388266637129205e-12 
0.1957015106485099 1.2062919411761175e-07 7.899656841382377e-08 1.5327304050705698e-11 1.1116050223444884e-05 1.7096276546579704e-17 1.9809745850938053e-09 4.817236711505049e-09 1.5006002593407557e-06 0.8042856662617064 
1.7100862500757049e-06 2.388059413285976e-06 0.9898578491304344 4.3862928851025155e-10 1.1612406773052875e-05 1.1021649764338052e-11 2.637082281771202e-07 0.010126130379395354 1.3228670282695213e-11 4.5766625468587016e-08 
3.051634369277175e-15 2.2952256994108645e-13 2.4260920963804287e-12 8.082644335841917e-10 3.1539917595350304e-13 1.0740261363781502e-12 1.3282233589528839e-10 2.1953827229142156e-08 3.0223110947596575e-15 0.9999999771010348 
7.333558499716182e-07 0.032387945818431 0.015203607912476737 2.5759484254454915e-11 1.065686456980756e-05 0.9523879695522328 7.81139841355331e-11 2.6563706608970832e-11 1.6992247497745297e-07 8.916443527267468e-06 
3.76958734552805e-20 1.4129703505079725e-25 2.3925119912237785e-18 0.9999995506876789 6.412653251893915e-18 1.1868375719198682e-18 3.420640659473744e-17 4.491784076550385e-07 1.281160735706624e-10 5.7971887905512116e-12 
2.920776481635142e-10 3.2416722825118686e-12 0.9856909843041728 4.546793858777222e-05 2.1363650722225248e-07 2.1471820716267672e-11 6.361242937661982e-10 0.014262698124860534 1.266122214459892e-07 5.084307346458392e-07 
0.9999999985870747 1.3939768992041092e-13 1.660882579640852e-12 5.186648807107969e-11 1.5785626492190042e-11 1.302581074195197e-10 1.3256737902762496e-16 2.519806376783546e-12 6.44399011816475e-10 5.662956041924107e-10 
9.966862835936446e-12 8.870330825939646e-13 2.719148862501013e-10 0.9579516381926506 0.0002471056473013854 1.107974184124051e-07 0.041800657649030654 4.0268965949507784e-07 8.353051788612513e-11 8.465763995094887e-08 
2.7493632099625497e-14 4.422492484362285e-13 7.729197449631719e-16 8.28480932265837e-17 1.1481997177547512e-14 1.87078559512139e-11 0.9999999999794282 4.4129982106109037e-13 1.4621915952274594e-14 9.258358205744e-13 
9.026503973471156e-19 3.394214692412803e-16 5.47370627216674e-11 1.8846267643656328e-06 1.4794732165877886e-15 9.858808830615001e-11 5.343594577536435e-13 0.9999981124186187 2.7998783653388828e-09 8.771039126265951e-13 
4.0181056162099394e-08 1.728225214514152e-06 0.03237207815162872 0.967499048397347 2.2271502705775015e-05 4.022010046866419e-10 9.285771321971975e-10 2.4840836660108775e-06 3.3331799595063913e-10 0.00010234779428596874 
5.61043716280702e-17 1.853218096241381e-12 4.897436559644727e-15 6.436943694325363e-13 6.441629206365213e-17 0.9999981171110256 1.8828569846171211e-06 1.5658398591212076e-11 1.356875858905675e-11 2.6091155075516933e-13 
1.2818679825949266e-08 0.9999999482514753 1.857206703124509e-13 2.114768392660665e-08 1.6586895992167366e-10 9.537751787032608e-10 1.8587854967674388e-10 1.0076096162438764e-08 9.866007818310228e-11 6.3016962160975145e-09 
2.097503812809803e-05 5.942366955610982e-09 0.4744000346313584 2.917184484787518e-11 9.231581885342947e-11 2.2316662165763604e-07 6.278251251021954e-15 4.929307651477233e-11 0.5255787610471698 3.567945925885706e-12 
0.9455392223414795 0.04822185975100812 1.064128951842449e-08 0.0029018273831598862 3.2783003743650295e-09 0.0032880917660274684 4.841943559940171e-05 5.654010104526361e-07 1.0837333213621533e-12 1.0413975628966038e-12 
6.750714818170808e-10 0.9999999497423282 1.668918079400883e-08 5.793279182205904e-14 3.575510097379476e-11 1.8581129618360955e-11 6.806189816337303e-13 1.1404844911584434e-11 3.979362251522848e-12 3.282296022431494e-08 
7.489973375497985e-12 0.04132214985305591 1.069807041835014e-07 2.8905955830178914e-10 3.882884272936359e-07 0.006205857097180596 0.898910556516598 8.257379261172187e-10 0.053551387558003316 9.55258374371207e-06 
6.213825094688664e-11 1.557737187606234e-10 1.021965459525841e-09 3.0766845995625555e-11 1.5485396021362836e-08 5.7657706642500584e-11 3.348322599424558e-14 6.547952907397044e-11 2.006382732856531e-11 0.9999999831007252 
1.8767497094803516e-08 1.916282823385262e-12 2.82034040042562e-09 7.880870605890716e-14 0.00110598348068909 0.9988908988527618 2.1427109365362994e-06 8.488323354533921e-11 9.152033477634156e-07 3.807754884564463e-08 
4.528298437406229e-13 2.903739996400012e-09 0.00016297594859686788 2.9176246053543795e-05 7.29573604491436e-07 1.3475747209558348e-09 0.9590484860253389 2.2732808936217218e-05 7.885763837348453e-07 0.0407351065693182 
3.566578730413789e-14 7.165822107952084e-10 3.3870743500810315e-11 6.385557171620915e-10 0.9999999965390944 3.8691423749081534e-12 8.214702740149528e-15 7.878022979512763e-11 7.433924195854151e-14 1.98912976160377e-09 
4.296603509464511e-06 2.483853955562457e-06 1.147215618552534e-10 3.2554388976134966e-10 0.00019156472311222843 6.748123752205949e-06 2.473577353167167e-11 2.7322723889040584e-08 6.990106514437899e-08 0.9997948090068803 
1.5702783449410517e-06 3.073983092664158e-08 0.9968702960257624 2.8223014921476125e-14 1.2680308066321737e-07 1.55344892705053e-13 2.8487028185201694e-11 0.0031221057103849583 4.186971835855487e-10 5.8699952280973975e-06 
7.490547970241754e-13 8.169167442664932e-12 8.16160166332524e-09 5.376584060674911e-09 5.862861767644439e-08 0.9999999174103413 7.240904385075634e-10 2.357192706587538e-15 9.689639161888474e-09 2.0530433644099642e-13 
1.1239088850975993e-11 8.388163230626809e-05 1.0356115257540175e-08 1.5713803569686065e-08 1.1651788354033383e-11 1.3339604712487102e-06 0.9999147543178954 3.522097969569795e-11 7.12513914863068e-13 3.960584061175291e-09 
2.2783626984806407e-08 0.9999974741649309 1.2079217356954017e-09 2.4106001383314705e-13 1.8304187116158445e-06 3.7528290309595787e-14 9.72042897965336e-12 2.651475368651599e-11 3.871523313182256e-12 6.713844237725779e-07 
8.687478692532944e-06 0.00018475545836813586 1.5988488366699554e-06 1.544028583855887e-10 0.9855157863666874 3.278766316675751e-06 0.014285491547372997 2.4208576141313562e-09 3.9707172607066056e-07 1.886739065383084e-09 
3.087906048107922e-08 4.058496069883948e-07 1.492176467232892e-08 2.879948903371359e-13 8.483295551965844e-09 0.9999995023322784 5.8663065944222245e-12 1.3032764601556006e-12 3.7524866421478205e-08 1.6696926052954427e-12 
1.0929603708639357e-10 4.616698187776647e-08 0.9997502339851699 2.7549226420372906e-10 1.686580438410771e-11 0.0002423601145730138 7.356368820204662e-06 1.7542627095567395e-09 1.0686308196151873e-09 1.399071339207366e-10 
1.7000863157955279e-06 3.182499441474603e-05 2.457445749205367e-06 3.0996774610547645e-07 0.00021645373664695301 4.856840999059891e-09 2.4772346733513645e-09 0.0024945924205155394 0.9972526540137272 8.096704550012965e-13 
0.027463447643872867 6.22380853797516e-08 1.425167759403533e-13 1.0669227980876267e-12 2.4916411284462435e-08 6.764218099184256e-11 0.9725359368349181 5.28086104823174e-07 1.7836440837053336e-10 3.339180114193135e-11 
2.0894579585528508e-10 2.005943817538138e-11 3.327448472747694e-10 0.13857552629168346 0.855985226057815 2.3662277638411477e-07 5.63738914188616e-07 0.005430754439477254 5.8952991289341155e-09 7.686392284991606e-06 
4.019043442823797e-14 1.8902753531014177e-07 3.145584186059849e-12 1.0923881304861528e-13 1.479041736378868e-17 4.0542071192957303e-11 1.577536273280087e-12 0.9999998071194973 1.1061725419960067e-13 3.807441905145203e-09 
7.179293869022835e-13 6.169001815919104e-10 1.6335728790954195e-08 0.9977921448352363 0.0022075153112228406 1.826719645330174e-09 3.870637339074009e-08 2.8214363379831517e-07 5.541694523733166e-13 2.2291287484242537e-10 
5.842017979202979e-10 1.063477070614618e-11 4.845481552886045e-12 0.9997942600707241 0.0002027646171411463 2.6960153978009838e-12 5.049783588773135e-07 2.4696463861135735e-06 8.499944862691497e-11 1.2242236283522352e-14 
1.1890379339374431e-05 7.201421577898588e-06 1.1953472492761154e-06 0.9853778948222723 2.9087433399609373e-06 0.014594528012053402 1.9368215709164067e-07 3.1091315001507557e-06 1.6624257388810507e-07 9.122179364680969e-07 
7.15366011355072e-08 0.0017256649351249668 0.9490180288033138 3.986784094808487e-08 0.04925555228790899 1.4476163998831645e-07 1.7897164913931002e-07 1.8477175653903932e-09 8.460202287610912e-10 3.161421835999541e-07 
1.7908800499335337e-06 1.4720048278478815e-05 1.1561868302887666e-06 6.085632172368736e-07 1.128655082151117e-11 1.7831316715244634e-11 0.9879627426723767 8.783939660932735e-09 2.7487791915423676e-11 0.012018972808701942 
6.5656906859385765e-06 5.789807936520059e-08 0.9827324578661161 0.017260720891793594 1.560027464874504e-07 1.5913550371597646e-11 1.635534099066313e-11 6.974261869430366e-09 3.464355787597745e-08 4.898480881490247e-13 
1.4259983830048293e-13 1.4492687523098445e-11 1.842253592271349e-09 6.212332714210485e-12 8.214435967866133e-13 0.9999999629477946 2.718590678227471e-11 2.0221356358422006e-13 2.4425432049072726e-14 3.516086976970008e-08 
2.1434531643662374e-10 3.474881785756852e-06 1.934398881629778e-09 5.947507095188606e-06 0.0002542963934269004 2.569332152733901e-10 2.1928457235045532e-09 3.110113972246352e-11 0.9997362765402258 4.78418835352158e-11 
6.2613216884218e-08 1.9508314060932152e-07 4.1637908926554573e-08 6.483523340021756e-13 1.5126001219173555e-11 2.3864624877507473e-14 6.2740797374627295e-15 5.505057164971284e-13 1.8884813534825166e-10 0.9999997004605304 
0.3441516771639308 0.001446605637769418 0.0005874210781080396 7.976133977715732e-08 0.005065147278767758 4.6118796797372166e-15 5.594738202205735e-05 1.2177533019505466e-06 0.6486919012584725 2.6862831617590215e-09 
8.279678932724278e-14 3.263359165427717e-12 3.921172298088381e-12 9.118260434786634e-12 8.529044054385734e-17 0.9488765420102585 5.872737854449429e-11 0.051123306322358446 3.819671926468142e-17 1.5159227002942865e-07 
8.084770077647743e-11 9.773926792631088e-11 2.8543695914787354e-09 5.3448338437594206e-14 1.6632461027158623e-10 1.7397546131743693e-10 7.029864914029627e-10 3.889397946931136e-12 0.9992759545503834 0.0007240413694304058 
